-0.1734941601753235
0.08743789047002792
0.1110546886920929
-0.021915597841143608
-0.008754589594900608
-0.06098160892724991
-0.016594693064689636
-0.05941032990813255
0.11858260631561279
-0.09727832674980164
0.16387347877025604
-0.053429488092660904
-0.1527947336435318
-0.09362847357988358
-0.06205699220299721
0.11511662602424622
-0.04739970713853836
-0.12826526165008545
-0.07939275354146957
-0.0839305967092514
0.06696391105651855
0.03426605835556984
-0.01299048587679863
0.03269736468791962
-0.18230250477790833
-0.37311458587646484
-0.0917978286743164
-0.06217176467180252
0.0183897502720356
-0.04607759043574333
-0.024600720033049583
0.0671132504940033
-0.1814495176076889
-0.016233019530773163
-0.03642614185810089
0.12362679839134216
0.03199199214577675
-0.003184253815561533
0.18183094263076782
-0.0016608679434284568
-0.14428341388702393
-0.012573258019983768
0.06083797663450241
0.2926855981349945
0.17032401263713837
0.043860167264938354
0.04172028601169586
-0.042602669447660446
0.046904660761356354
-0.1695801019668579
0.11383943259716034
0.12384172528982162
0.03834322839975357
0.06961676478385925
0.1121022030711174
-0.06913478672504425
0.044426482170820236
0.05605953186750412
-0.1734299510717392
0.07701162993907928
0.020659971982240677
-0.08458453416824341
-0.06710031628608704
-0.025931501761078835
0.17410345375537872
0.09220222383737564
-0.05456095188856125
-0.11024656146764755
0.17220397293567657
-0.21316172182559967
-0.013403142802417278
0.007874264381825924
-0.0751827284693718
-0.12800653278827667
-0.3365573287010193
0.07511990517377853
0.4015333950519562
0.22326160967350006
-0.1812525987625122
0.12979190051555634
-0.02561575546860695
-0.046716801822185516
0.20353519916534424
0.07104571908712387
-0.09229689091444016
0.040126733481884
-0.08376454561948776
0.08819390833377838
0.17833997309207916
0.07765143364667892
-0.0710112527012825
0.17695903778076172
0.010981711558997631
0.008056306280195713
0.05577914044260979
0.002293249825015664
-0.07994840294122696
-0.0007805557106621563
-0.07999102026224136
0.009521684609353542
0.1314532309770584
-0.05256865546107292
0.022636909037828445
0.10567636787891388
-0.15598908066749573
0.12919968366622925
0.005424641538411379
0.02127288095653057
0.04029345512390137
0.09754465520381927
-0.14984776079654694
-0.06800418347120285
0.11805250495672226
-0.1875501126050949
0.13540063798427582
0.13202348351478577
-0.04772203043103218
0.14009195566177368
0.14308413863182068
0.11255159229040146
0.030624480918049812
0.006643930450081825
-0.12675021588802338
-0.045140258967876434
0.06234178692102432
-0.018844371661543846
0.14707106351852417
0.094878651201725
